1	0.30102999566398114	0.	0.30102999566398114
2	5.417690861110543	1.8633228601204554	5.417690861110543
3	14.877154473814555	9.759644547526875	10.235016539158774
4	20.869680119963427	13.343930228363899	15.051499770256074
5	31.048761118290955	18.907945385347727	19.867979713772197
6	45.866331130320496	33.524101308097265	24.684459644446257
7	54.79765495217024	40.04718516463517	29.500939575070152
8	67.78179398807839	49.7779861952172	34.31741950569385
9	83.26059155382544	62.20228014183238	39.13389943631755
10	91.9155990911031	69.94040940763249	43.95037936694125
11	107.37861216766542	80.28676161874824	48.76685929756495
12	124.95590412764027	98.16423451354595	53.58333922818865
13	133.5415456858544	104.34163610644823	58.39981915881234
14	150.0528131262069	113.41184745890699	63.21629908943604
15	164.0912416534904	130.07485214346053	68.03277902005973
16	177.75970547024116	138.32498814790094	72.84925895068343
17	196.137981021119	156.4600135404512	77.66573888130713
18	213.5510282395095	172.3099188335441	82.48221881193084
19	224.05033318151186	178.9096221164003	87.29869874255454
20	241.23982340073928	190.4609759393103	92.11517867317824
21	262.1315375524632	209.8898066716706	96.93165860380194
22	273.10949791386594	222.2354286466531	101.74813853442564
23	290.666092056398	236.53868478385908	106.56461846504934
24	306.23723544630013	249.3563545502933	111.38109839567304
25	321.56667684542816	263.4678876822798	116.19757832629672
26	338.36202078775347	277.009893619279	121.01405825692042
27	365.80442136759063	299.57803443115614	125.83053818754411
28	372.36136431067575	301.2683298622485	130.64701811816784
29	391.91123508852405	317.8007265228661	135.4634980487915
30	411.8480598042941	342.00910081025046	140.27997797941524
31	425.6702545933268	353.42305563397133	145.0964579100389
32	445.3008947862742	367.87867134610906	149.9129378406626
33	460.8447704359352	383.48006155029196	154.7294177712863
34	477.2932322909298	393.8330220937312	159.54589770191
35	495.16861785282373	407.29580214428194	164.3623776325337
36	516.9196500250599	430.2129499478255	169.1788575631574
37	534.033666979639	447.0359982327484	173.9953374937811
38	549.3932222320511	451.6689217006418	178.8118174244048
39	575.2365311635278	481.9310207921794	183.6282973550285
40	586.0146924090079	492.0933337618459	188.44477728565218
41	606.1316906111678	506.8298891603148	193.2612572162759
42	633.594952587972	530.439443068861	198.07773714689958
43	641.6066812833255	540.1595727445639	202.8942170775233
44	662.8450992001343	553.1032461526474	207.71069700814698
45	680.4055327780077	571.708975017748	212.5271769387707
46	697.9404914740936	587.1497372865707	217.34365686939438
47	717.9159559211645	604.4284966166848	222.16013680001808
48	746.6000885218433	631.3464842268244	226.9766167306418
49	754.9667983468122	630.3127084100076	231.79309666126548
50	774.1218389089998	650.064858449074	236.60957659188918
51	794.6697385293418	673.9567102680853	241.42605652251288
52	815.6029023973514	692.7826641664471	246.2425364531366
53	835.9891652322787	709.6145590003841	251.05901638376025
54	852.7568129477421	721.4555468239674	255.87549631438398
55	870.9292905410011	740.8843324141612	260.6919762450077
56	893.1345120603893	751.9522933619112	265.5084561756314
57	917.8997105081305	780.9663904433608	270.32493610625505
58	929.793499999923	792.5238219771477	275.14141603687875
59	952.2071886848793	804.0297119327892	279.9578959675025
60	970.6641754802877	822.9334524097294	284.77437589812615
61	989.2047441761483	842.362041394389	289.59085582874985
62	1014.7089928667475	867.2622869383745	294.40733575937355
63	1035.3455974432877	884.2319458686611	299.22381568999725
64	1053.531286880864	900.9228673637114	304.04029562062095
65	1069.2238927077663	912.0870840320091	308.85677555124465
66	1096.9336303197263	940.0970025787922	313.67325548186835
67	1112.6325486516073	949.5196834350163	318.48973541249205
68	1129.8098565189687	962.2087816534303	323.30621534311575
69	1158.5460542945636	992.9933449638595	328.12269527373945
70	1170.4604064397233	1001.8870151165859	332.93917520436315
71	1193.6118854480267	1018.5650047731514	337.75565513498685
72	1220.2044935405645	1049.2194560034234	342.57213506561055
73	1231.8111310234488	1055.9209238729222	347.38861499623425
74	1255.1271808891597	1068.9221719904774	352.20509492685795
75	1281.9952991226648	1103.4845116939239	357.02157485748165
76	1293.5951467165125	1110.4843889290971	361.83805478810535
77	1315.3244686892483	1123.308215707002	366.65453471872905
78	1339.1305192366347	1153.6960419076222	371.47101464935275
79	1355.7951557287995	1158.4086755287408	376.28749457997645
80	1376.6181395727795	1185.823114268793	381.1039745106001
81	1401.615429895736	1208.6552026751242	385.92045444122385
82	1421.5538526769737	1222.8742676483873	390.73693437184755
83	1442.1670584739818	1237.1761430422491	395.5534143024712
84	1465.7698310023522	1258.1584567507118	400.3698942330949
85	1481.3804572761344	1278.787270194275	405.18637416371865
86	1506.654901326352	1299.3385542231883	410.00285409434235
87	1534.0873984141622	1326.9787613973429	414.819334024966
88	1544.737227778564	1335.521380792097	419.6358139555897
89	1565.9364716319556	1349.1948880077073	424.45229388621345
90	1595.3671346123544	1376.5272591379826	429.26877381683715
91	1608.452712207461	1387.4341253400264	434.0852537474608
92	1630.8102278832005	1406.565471174137	438.9017336780845
93	1658.988876856953	1432.1068449808952	443.7182136087082
94	1672.5149738147966	1447.3583253426243	448.5346935393319
95	1695.7150236722377	1466.0948309035175	453.3511734699556
96	1716.7324771421672	1488.5517404288696	458.1676534005793
97	1742.2086163826834	1510.716549717082	462.984133331203
98	1758.451553112115	1513.135456721124	467.80061326182675
99	1786.664160797234	1548.8642525071746	472.61709319245045
100	1801.635854448203	1563.2200978823298	477.43357312307404
101	1823.2807266259197	1577.3300079032804	482.25005305369774
102	1859.0795466995996	1615.8473102031028	487.0665329843215
103	1866.674165571871	1618.3992118399017	491.8830129149452
104	1891.3395590931163	1630.2953621737302	496.6994928455689
105	1911.5258317301223	1656.2856437201222	501.5159727761926
106	1932.01851894202	1674.5900670108404	506.3324527068163
107	1954.907848748507	1696.963239582736	511.14893263744005
108	1985.0887549194322	1727.7081086267283	515.9654125680637
109	1997.6601836804775	1733.6271192974393	520.7818924986874
110	2021.2774671495554	1756.371920026093	525.5983724293111
111	2053.0338985426592	1782.798742658757	530.4148523599348
112	2066.885159024896	1788.3818230195254	535.2313322905585
113	2085.6306993232815	1808.4145434010602	540.0478122211822
114	2111.981281515189	1838.3588037411157	544.8642921518059
115	2129.80290651879	1846.188012136145	549.6807720824296
116	2151.934785251817	1871.724619507737	554.4972520130532
117	2181.935922729241	1900.0014475430985	559.313731943677
118	2196.288772068777	1914.8257261229542	564.1302118743007
119	2222.848443173566	1920.0376090604902	568.9466918049244
120	2245.868833906815	1957.1000528619998	573.7631717355481
121	2263.0414972757803	1974.0527014383583	578.5796516661718
122	2289.379158615872	1992.614313263414	583.3961315967955
123	2309.01048500263	2015.506239230248	588.2126115274191
124	2331.825271667508	2034.7224542316442	593.0290914580428
125	2352.4487777131526	2053.282953970133	597.8455713886665
126	2376.1933320605162	2067.3909564472715	602.6620513192903
127	2398.3625940134366	2095.5264183754716	607.478531249914
128	2422.8069976413985	2112.9820048652387	612.2950111805377
129	2447.1377316746284	2131.6424330726445	617.1114911111614
130	2466.19753369092	2155.2335481700275	621.9279710417851
131	2487.394743208889	2170.2324437742586	626.7444509724087
132	2525.690028782861	2209.909563331345	631.5609309030324
133	2534.264575090014	2213.97206595223	636.3774108336561
134	2557.149948202188	2232.0375661389066	641.1938907642799
135	2581.7726631747396	2254.0518170432133	646.0103706949036
136	2600.5857207904032	2272.129129757432	650.8268506255273
137	2627.3810100921487	2288.3794185840075	655.643330556151
138	2651.686136526563	2321.456231283176	660.4598104867747
139	2668.810285790701	2334.680778888168	665.2762904173983
140	2691.6023378181576	2345.838289321493	670.092770348022
141	2723.992590667618	2386.5379655282954	674.9092502786457
142	2740.658568074305	2401.096732965334	679.7257302092694
143	2760.127555612986	2414.4044339770767	684.5422101398932
144	2786.923814992778	2437.5714790186657	689.3586900705169
145	2805.933502810482	2456.650018157503	694.1751700011406
146	2834.1610011705216	2479.3222780343444	698.9916499317642
147	2864.5301412886874	2510.5222726365373	703.8081298623879
148	2874.8227365897474	2517.500343846243	708.6246097930116
149	2900.907691566833	2539.6717100238734	713.4410897236353
150	2922.1894102515676	2563.361655420102	718.257569654259
151	2943.9244297573314	2580.492535308145	723.0740495848827
152	2971.4907080744692	2605.404778176739	727.8905295155065
153	2995.679793020702	2629.3262882976373	732.7070094461302
154	3013.2343378604787	2636.5483249322538	737.5234893767538
155	3036.3832010756337	2657.3117864722935	742.3399693073775
156	3066.924925828104	2688.7585219748016	747.1564492380012
157	3086.189449130977	2710.504014542329	751.9729291686249
158	3109.0644383401736	2727.5029337810342	756.7894090992486
159	3130.5247651963878	2739.5425995339174	761.6058890298723
160	3152.462642868094	2770.1545483748378	766.422368960496
161	3178.8527921903387	2784.3470719786715	771.2388488911197
162	3208.648554832704	2820.6208904218324	776.0553288217434
163	3223.7350724798002	2833.299168103617	780.8718087523671
164	3248.836209210543	2841.704374530739	785.6882886829908
165	3274.8083719809033	2877.382801405684	790.5047686136145
166	3292.476854030928	2892.999988458817	795.3212485442382
167	3321.060612081433	2917.49975617982	800.1377284748619
168	3340.6401269901735	2934.078080283834	804.9542084054856
169	3362.769669027416	2956.3929631655274	809.7706883361093
170	3386.2420881143776	2972.184297239787	814.587168266733
171	3411.057262149871	2998.9184807205233	819.4036481973567
172	3434.289805268594	3020.433496332884	824.2201281279804
173	3458.8114618204795	3033.3126873362726	829.0366080586041
174	3496.1486224350515	3078.332776737931	833.8530879892278
175	3505.828904123234	3084.9923764336804	838.6695679198515
176	3527.503676877255	3105.8186448989954	843.4860478504752
177	3557.4241201529926	3130.8529005139535	848.3025277810989
178	3574.750762965397	3148.4922891051997	853.1190077117226
179	3603.2302961789446	3164.9882378330435	857.9354876423463
180	3626.0788389542577	3190.4389765773512	862.75196757297
181	3645.768183543202	3206.5539161959173	867.5684475035937
182	3675.4532770394126	3223.910143502283	872.3849274342174
183	3706.260072912657	3268.2614292215644	877.2014073648411
184	3716.9591491573724	3273.1660341503884	882.0178872954647
185	3742.089270476987	3295.1354653017606	886.8343672260884
186	3770.9057869003896	3325.682423313361	891.6508471567122
187	3789.3622101484298	3341.73060659609	896.4673270873359
188	3815.321297806617	3361.624446268531	901.2838070179596
189	3840.0125230842687	3379.483538567635	906.1002869485833
190	3859.850437724547	3403.099244619526	910.916766879207
191	3886.913204249147	3422.3718832489108	915.7332468098307
192	3920.9246384266335	3458.5427771963996	920.5497267404544
193	3931.545346454401	3463.452311685395	925.3662066710781
194	3955.47993183255	3482.859893185274	930.1826866017018
195	3985.5815923157074	3516.069171824839	934.9991665323255
196	4004.7646911650995	3533.054094208333	939.8156464629491
197	4031.6287940373313	3555.6773476364974	944.6321263935728
198	4055.917797870041	3576.533820906126	949.4486063241965
199	4075.4207873526575	3597.097912527077	954.2650862548202
200	4099.461908984621	3612.2404570131807	959.0815661854439
201	4128.851420510671	3646.902397452638	963.8980461160676
202	4152.161142145866	3664.1608708381295	968.7145260466913
203	4174.898829341272	3672.803791397251	973.5310059773151
204	4200.333562479291	3707.491643350812	978.3474859079388
205	4219.927428099034	3726.9743773174814	983.1639658385625
206	4244.071916150829	3748.0125804148483	987.9804457691862
207	4281.01631079802	3785.2199079394422	992.7969256998099
208	4292.411608101335	3794.5079952731103	997.6134056304336
209	4322.206982047065	3809.464945502982	1002.4298855610573
210	4344.37359305016	3836.2673010656126	1007.246365491681
211	4366.817567630161	3861.087174914673	1012.0628454223046
212	4392.450247427639	3883.7675467024887	1016.8793253529283
213	4418.105315531982	3907.5584428858706	1021.695805283552
214	4437.830596319376	3907.5405977597115	1026.5122852141756
215	4462.124587023395	3946.2171664023085	1031.3287651447993
216	4495.390948041363	3978.2214154906424	1036.1452450754232
217	4514.342878670745	3989.0997240654574	1040.961725006047
218	4536.465313063527	4011.4698496863853	1045.7782049366706
219	4565.7823980898465	4036.808293479174	1050.5946848672943
220	4583.836360613041	4054.1163626915213	1055.411164797918
221	4608.226561313673	4075.178619408593	1060.2276447285417
222	4636.487514820388	4099.4586110443315	1065.0441246591654
223	4657.05422877326	4120.831116812948	1069.860604589789
224	4684.743678049378	4132.374793954473	1074.6770845204128
225	4715.756831121038	4172.698931052857	1079.4935644510365
226	4732.442218385607	4190.588226190441	1084.31004438166
227	4759.1959638715025	4209.018754766791	1089.1265243122837
228	4785.257114267481	4237.215574279419	1093.9430042429074
229	4807.494747372729	4246.051921230319	1098.759484173531
230	4830.859956383563	4273.8438827344735	1103.5759641041548
231	4854.307076994461	4292.22822755112	1108.3924440347785
232	4878.586201087111	4317.4817137199925	1113.2089239654022
233	4902.119787453914	4342.563017461551	1118.025403896026
234	4931.303093742838	4368.992850127007	1122.8418838266498
235	4951.31457226036	4388.087450373051	1127.6583637572735
236	4975.9342502222435	4402.2815265460795	1132.4748436878972
237	5023.226219599331	4452.436762586225	1137.291323618521
238	5025.217861850228	4452.963246341691	1142.1078035491446
239	5053.162021642627	4472.08827213748	1146.9242834797683
240	5080.840940678815	4506.174678956275	1151.740763410392
241	5099.252988217981	4518.330420634725	1156.5572433410157
242	5128.287549884449	4547.357650199942	1161.3737232716392
243	5154.828127681067	4572.335086071263	1166.1902032022629
244	5173.418304604253	4581.870968103968	1171.0066831328866
245	5198.1687291045	4596.49748127909	1175.8231630635103
246	5226.011476024376	4632.233602426548	1180.639642994134
247	5248.753597567341	4645.106138251072	1185.4561229247577
248	5277.473684222244	4673.872754200042	1190.2726028553814
249	5301.932549006244	4703.498705910735	1195.089082786005
250	5322.133122071839	4720.631644264992	1199.9055627166288